0.5360535979270935
0.5357066988945007
0.5353771448135376
0.5350603461265564
0.5347536206245422
0.5344552993774414
0.534164309501648
0.5338797569274902
0.5336011052131653
0.5333280563354492
0.5330603718757629
0.5327978134155273
0.5325401425361633
0.5322871208190918
0.5320387482643127
0.5317947268486023
0.5315550565719604
0.5313196778297424
0.5310882925987244
0.530860960483551
0.5306375622749329
0.5304180979728699
0.5302022695541382
0.5299900770187378
0.5297815203666687
0.5295764207839966
0.5293747186660767
0.5291765928268433
0.5289816856384277
0.5287899374961853
0.5286014676094055
0.5284161567687988
0.5282338261604309
0.5280545353889465
0.5278781652450562
0.5277047753334045
0.5275341272354126
0.5273662805557251
0.5272011160850525
0.5270386338233948
0.526878833770752
0.5267216563224792
0.5265670418739319
0.5264149308204651
0.5262652039527893
0.5261179208755493
0.5259730815887451
0.5258305668830872
0.5256903767585754
0.5255523920059204
0.5254166722297668
0.5252832174301147
0.5251518487930298
0.5250226259231567
0.5248955488204956
0.5247705578804016
0.52464759349823
0.5245266556739807
0.524407684803009
0.5242906808853149
0.5241755843162537
0.52406245470047
0.52395099401474
0.5238414406776428
0.5237336754798889
0.523627758026123
0.5235235095024109
0.5234209895133972
0.523320198059082
0.5232210755348206
0.5231237411499023
0.5230279564857483
0.522933840751648
0.5228412747383118
0.5227503180503845
0.5226609110832214
0.5225731134414673
0.5224867463111877
0.5224018096923828
0.5223183631896973
0.5222364664077759
0.5221560597419739
0.5220770239830017
0.5219994187355042
0.5219231247901917
0.5218480825424194
0.5217745304107666
0.5217023491859436
0.5216315388679504
0.5215618014335632
0.5214935541152954
0.5214266180992126
0.5213608145713806
0.5212963223457336
0.5212330222129822
0.521170973777771
0.5211101174354553
0.5210504531860352
0.5209920406341553
0.5209347009658813
0.5208784937858582
0.5208234190940857
0.5207694172859192
0.5207166075706482
0.5206649303436279
0.5206142067909241
0.5205646753311157
0.5205162167549133
0.5204687118530273
0.5204223394393921
0.5203768610954285
0.5203324556350708
0.5202891826629639
0.5202467441558838
0.5202052593231201
0.5201647877693176
0.520125150680542
0.5200866460800171
0.5200490355491638
0.5200124979019165
0.519976794719696
0.5199419856071472
0.51990807056427
0.5198749899864197
0.5198429226875305
0.5198115110397339
0.5197811126708984
0.5197514891624451
0.5197227597236633
0.5196947455406189
0.5196677446365356
0.5196415185928345
0.5196160674095154
0.5195913910865784
0.5195676684379578
0.5195445418357849
0.5195223093032837
0.5195007920265198
0.5194800496101379
0.5194600224494934
0.5194407105445862
0.5194222331047058
0.519404411315918
0.519387423992157
0.5193710327148438
0.5193553566932678
0.5193403363227844
0.5193261504173279
0.5193126201629639
0.5192997455596924
0.519287645816803
0.5192760825157166
0.5192652344703674
0.5192551016807556
0.5192455053329468
0.5192365050315857
0.5192282795906067
0.5192207098007202
0.5192137360572815
0.5192073583602905
0.5192015767097473
0.5191963911056519
0.5191917419433594
0.5191878080368042
0.5191843509674072
0.5191814303398132
0.5191792249679565
0.5191774964332581
0.5191763639450073
0.5191758275032043
0.5191757678985596
0.5191762447357178
0.5191773176193237
0.5191789269447327
0.519180953502655
0.5191836357116699
0.519186794757843
0.5191903710365295
0.5191946029663086
0.5191993117332458
0.5192046165466309
0.5192102789878845
0.5192164778709412
0.519223153591156
0.519230306148529
0.5192379951477051
0.5192459225654602
0.5192545652389526
0.5192634463310242
0.5192728638648987
0.5192827582359314
0.5192930102348328
0.5193039178848267
0.5193150639533997
0.5193267464637756
0.5193389058113098
0.5193514823913574
0.5193643569946289
0.5193777084350586
0.5193914175033569
0.5194056034088135