0.16624881327152252
0.16623258590698242
0.16621588170528412
0.16619963943958282
0.16618318855762482
0.16616712510585785
0.16615161299705505
0.1661352664232254
0.16612014174461365
0.16610407829284668
0.16608910262584686
0.16607342660427094
0.16605882346630096
0.16604337096214294
0.166028693318367
0.1660139560699463
0.16600006818771362
0.1659853607416153
0.16597099602222443
0.16595646739006042
0.16594231128692627
0.16592825949192047
0.1659143716096878
0.16590085625648499
0.1658872812986374
0.16587378084659576
0.16585998237133026
0.16584672033786774
0.16583268344402313
0.16582010686397552
0.1658068299293518
0.16579344868659973
0.16578063368797302
0.1657678633928299
0.16575518250465393
0.16574247181415558
0.16572962701320648
0.1657172292470932
0.1657049059867859
0.16569207608699799
0.16568002104759216
0.16566778719425201
0.16565605998039246
0.1656438112258911
0.16563168168067932
0.1656198650598526
0.16560804843902588
0.16559673845767975
0.16558440029621124
0.1655729115009308
0.1655612736940384
0.16555005311965942
0.16553838551044464
0.16552694141864777
0.16551585495471954
0.16550453007221222
0.1654936969280243
0.16548225283622742
0.1654716283082962
0.16546040773391724
0.16544920206069946
0.16543874144554138
0.16542832553386688
0.16541677713394165
0.16540639102458954
0.16539572179317474
0.1653854101896286
0.16537487506866455
0.1653645783662796
0.16535380482673645
0.16534367203712463
0.16533373296260834
0.16532351076602936
0.1653129756450653
0.16530349850654602
0.16529329121112823
0.165283203125
0.16527312994003296
0.16526347398757935
0.16525359451770782
0.16524411737918854
0.16523447632789612
0.16522473096847534
0.1652151346206665
0.16520582139492035
0.16519607603549957
0.1651867777109146
0.16517747938632965
0.16516771912574768
0.1651584357023239
0.16514940559864044
0.16514013707637787
0.165131077170372
0.165121927857399
0.16511280834674835
0.165103942155838
0.16509467363357544
0.16508589684963226
0.16507764160633087
0.16506801545619965
0.16505931317806244
0.1650509536266327
0.16504190862178802
0.16503381729125977
0.16502471268177032
0.1650162786245346
0.16500766575336456
0.16499897837638855
0.16499070823192596
0.1649821698665619
0.1649738997220993
0.16496561467647552
0.16495755314826965
0.16494935750961304
0.16494068503379822
0.16493265330791473
0.16492478549480438
0.1649167388677597
0.16490855813026428
0.164900541305542
0.16489265859127045
0.1648848056793213
0.16487707197666168
0.16486896574497223
0.1648615151643753
0.1648535579442978
0.1648457646369934
0.16483798623085022
0.1648305505514145
0.1648223102092743
0.16481496393680573
0.16480734944343567
0.1647995114326477
0.16479194164276123
0.16478495299816132
0.1647772192955017
0.16477003693580627
0.1647627353668213
0.16475540399551392
0.1647481620311737
0.16474074125289917
0.16473348438739777
0.16472649574279785
0.1647196114063263
0.1647125482559204
0.16470520198345184
0.16469813883304596
0.1646910458803177
0.16468384861946106
0.16467684507369995
0.1646699160337448
0.16466303169727325
0.1646559238433838
0.16464932262897491
0.16464276611804962
0.1646358221769333
0.16462840139865875
0.16462166607379913
0.16461539268493652
0.16460810601711273
0.16460201144218445
0.1645955592393875
0.16458870470523834
0.16458185017108917
0.16457560658454895
0.16456902027130127
0.16456250846385956
0.16455627977848053
0.16455014050006866
0.1645435243844986
0.16453662514686584
0.16453054547309875
0.16452407836914062
0.16451790928840637
0.1645120084285736
0.16450577974319458
0.16449880599975586
0.16449299454689026
0.1644868403673172
0.1644810140132904
0.1644744873046875
0.16446851193904877
0.16446208953857422
0.16445617377758026
0.16445030272006989
0.16444437205791473
0.16443784534931183
0.164432093501091
0.16442622244358063
0.16442058980464935
0.16441449522972107
0.16440874338150024
0.16440291702747345
0.16439707577228546
0.16439156234264374
0.16438525915145874
0.1643793135881424
0.16437408328056335
0.16436824202537537
0.1643623262643814
0.16435648500919342