0.17696988582611084
0.1769467145204544
0.17692342400550842
0.17690084874629974
0.17687825858592987
0.17685623466968536
0.17683489620685577
0.17681285738945007
0.17679215967655182
0.1767706423997879
0.1767503172159195
0.17672938108444214
0.1767096221446991
0.17668911814689636
0.17666946351528168
0.17664985358715057
0.1766311675310135
0.1766117513179779
0.17659276723861694
0.17657369375228882
0.1765550673007965
0.17653661966323853
0.17651841044425964
0.17650066316127777
0.1764829158782959
0.17646530270576477
0.17644748091697693
0.17643025517463684
0.17641231417655945
0.17639590799808502
0.17637886106967926
0.17636176943778992
0.17634530365467072
0.17632895708084106
0.17631274461746216
0.17629656195640564
0.17628030478954315
0.17626455426216125
0.1762489229440689
0.17623284459114075
0.17621760070323944
0.1762022227048874
0.1761873960494995
0.17617210745811462
0.17615698277950287
0.17614223062992096
0.17612750828266144
0.17611335217952728
0.17609821259975433
0.17608395218849182
0.17606960237026215
0.17605571448802948
0.17604142427444458
0.17602738738059998
0.1760137677192688
0.1759999394416809
0.175986647605896
0.17597278952598572
0.1759597808122635
0.1759462207555771
0.17593272030353546
0.17591999471187592
0.17590734362602234
0.1758936047554016
0.1758810579776764
0.17586827278137207
0.1758558750152588
0.17584329843521118
0.17583097517490387
0.17581821978092194
0.17580614984035492
0.17579428851604462
0.1757821887731552
0.17576980590820312
0.1757585108280182
0.17574651539325714
0.17573466897010803
0.1757228672504425
0.1757115125656128
0.17569996416568756
0.17568884789943695
0.1756775975227356
0.17566627264022827
0.17565512657165527
0.17564427852630615
0.175633043050766
0.17562226951122284
0.17561152577400208
0.1756003499031067
0.1755896657705307
0.1755792796611786
0.17556867003440857
0.17555829882621765
0.17554785311222076
0.17553746700286865
0.17552736401557922
0.17551687359809875
0.17550690472126007
0.17549748718738556
0.1754867136478424
0.17547687888145447
0.17546741664409637
0.17545729875564575
0.17544814944267273
0.1754380166530609
0.175428569316864
0.17541895806789398
0.17540930211544037
0.17540007829666138
0.17539061605930328
0.17538143694400787
0.17537225782871246
0.17536333203315735
0.17535428702831268
0.1753447949886322
0.17533594369888306
0.17532728612422943
0.17531846463680267
0.17530953884124756
0.17530079185962677
0.17529219388961792
0.17528364062309265
0.17527523636817932
0.17526645958423615
0.17525836825370789
0.17524978518486023
0.1752413809299469
0.17523302137851715
0.17522500455379486
0.1752161979675293
0.17520831525325775
0.1752001792192459
0.17519183456897736
0.17518377304077148
0.17517630755901337
0.17516811192035675
0.1751604825258255
0.1751527488231659
0.1751450002193451
0.17513735592365265
0.17512956261634827
0.17512193322181702
0.17511458694934845
0.17510735988616943
0.17509996891021729
0.17509230971336365
0.1750849485397339
0.17507757246494293
0.17507010698318481
0.17506283521652222
0.17505566775798798
0.1750485599040985
0.17504122853279114
0.17503441870212555
0.17502768337726593
0.17502054572105408
0.1750129610300064
0.17500607669353485
0.1749996691942215
0.17499224841594696
0.17498604953289032
0.17497949302196503
0.1749725341796875
0.17496560513973236
0.17495928704738617
0.1749526560306549
0.17494609951972961
0.174939826130867
0.17493367195129395
0.17492704093456268
0.17492014169692993
0.17491407692432404
0.1749076247215271
0.17490148544311523
0.17489562928676605
0.1748894453048706
0.17488254606723785
0.17487680912017822
0.17487072944641113
0.1748650074005127
0.17485858500003815
0.17485271394252777
0.17484642565250397
0.17484064400196075
0.17483490705490112
0.1748291254043579
0.17482276260852814
0.17481718957424164
0.1748114973306656
0.17480604350566864
0.17480015754699707
0.17479459941387177
0.17478899657726288
0.1747833788394928
0.17477810382843018
0.17477203905582428
0.17476634681224823
0.17476136982440948
0.17475579679012299
0.17475014925003052
0.1747445911169052