3.8137309551239014
3.8137288093566895
3.813725709915161
3.8137223720550537
3.8137176036834717
3.813714027404785
3.813709259033203
3.8137052059173584
3.8137006759643555
3.8136963844299316
3.813692331314087
3.813688039779663
3.8136837482452393
3.8136792182922363
3.8136754035949707
3.813671588897705
3.8136672973632812
3.8136634826660156
3.81365966796875
3.8136556148529053
3.8136520385742188
3.8136487007141113
3.813645124435425
3.8136415481567383
3.813638687133789
3.8136348724365234
3.813631534576416
3.8136284351348877
3.813624858856201
3.813621997833252
3.8136188983917236
3.8136157989501953
3.813612699508667
3.8136093616485596
3.8136069774627686
3.8136043548583984
3.8136017322540283
3.8135986328125
3.813596487045288
3.8135929107666016
3.8135902881622314
3.8135876655578613
3.8135857582092285
3.8135831356048584
3.8135807514190674
3.8135786056518555
3.8135757446289062
3.8135735988616943
3.813570499420166
3.8135688304901123
3.8135666847229004
3.8135640621185303
3.8135628700256348
3.8135602474212646
3.8135578632354736
3.813555955886841
3.813554048538208
3.813551902770996
3.8135502338409424
3.8135480880737305
3.8135457038879395
3.8135440349578857
3.813542127609253
3.8135406970977783
3.8135383129119873
3.8135368824005127
3.81353497505188
3.8135335445404053
3.8135318756103516
3.813530445098877
3.813528299331665
3.8135266304016113
3.8135249614715576
3.813523530960083
3.8135223388671875
3.813520669937134
3.81351900100708
3.8135178089141846
3.8135159015655518
3.813513994216919
3.813512086868286
3.813511371612549
3.813509702682495
3.813508987426758
3.813507556915283
3.8135058879852295
3.813504457473755
3.8135032653808594
3.8135018348693848
3.8135006427764893
3.8134992122650146
3.8134982585906982
3.8134968280792236
3.813495635986328
3.8134944438934326
3.813493490219116
3.8134918212890625
3.8134913444519043
3.8134899139404297
3.8134891986846924
3.8134877681732178
3.8134865760803223
3.8134849071502686
3.8134846687316895
3.8134829998016357
3.8134820461273193
3.813480854034424
3.8134801387786865
3.81347918510437
3.8134782314300537
3.8134772777557373
3.813476324081421
3.8134751319885254
3.813474416732788
3.8134729862213135
3.813472032546997
3.813471555709839
3.8134708404541016
3.813469648361206
3.8134689331054688
3.8134677410125732
3.813467502593994
3.8134658336639404
3.813465118408203
3.813464879989624
3.8134636878967285
3.813462972640991
3.813462018966675
3.8134613037109375
3.8134605884552
3.813459873199463
3.8134586811065674
3.813458204269409
3.813457489013672
3.8134567737579346
3.813455581665039
3.81345534324646
3.8134543895721436
3.8134536743164062
3.813452959060669
3.8134522438049316
3.8134515285491943
3.813451051712036
3.813450574874878
3.8134496212005615
3.8134491443634033
3.813448429107666
3.8134477138519287
3.8134472370147705
3.8134467601776123
3.813446044921875
3.8134453296661377
3.8134448528289795
3.8134446144104004
3.813443899154663
3.8134429454803467
3.8134422302246094
3.813441514968872
3.8134419918060303
3.813441038131714
3.8134403228759766
3.8134396076202393
3.813439130783081
3.8134384155273438
3.8134377002716064
3.8134377002716064
3.813436985015869
3.813436269760132
3.813436269760132
3.8134357929229736
3.8134350776672363
3.813434600830078
3.813434362411499
3.813433885574341
3.813433885574341
3.8134331703186035
3.81343150138855
3.813432455062866
3.81343150138855
3.8134310245513916
3.8134307861328125
3.8134310245513916
3.813430070877075
3.813429355621338
3.813429355621338
3.8134288787841797
3.8134281635284424
3.813427686691284
3.813427448272705
3.813426971435547
3.8134267330169678
3.8134262561798096
3.8134257793426514
3.8134255409240723
3.813425064086914
3.813424825668335
3.8134238719940186
3.8134238719940186
3.8134236335754395
3.8134231567382812
3.813422918319702