0.5360535979270935
0.5354425311088562
0.5349311232566833
0.5344809293746948
0.5340701341629028
0.5336859226226807
0.5333207845687866
0.5329700708389282
0.5326312184333801
0.5323019623756409
0.5319814085960388
0.5316686034202576
0.5313628911972046
0.5310637950897217
0.5307708978652954
0.5304840207099915
0.5302027463912964
0.5299268960952759
0.529656171798706
0.5293903946876526
0.5291295647621155
0.5288734436035156
0.5286219716072083
0.5283748507499695
0.5281322002410889
0.5278935432434082
0.5276590585708618
0.5274285674095154
0.5272019505500793
0.5269792079925537
0.5267601609230042
0.5265446305274963
0.5263327360153198
0.5261244773864746
0.5259195566177368
0.5257179141044617
0.525519609451294
0.5253244638442993
0.5251325964927673
0.5249438285827637
0.5247581005096436
0.5245752930641174
0.5243955254554749
0.5242185592651367
0.5240446329116821
0.5238734483718872
0.5237049460411072
0.523539125919342
0.5233759880065918
0.5232153534889221
0.5230573415756226
0.5229018330574036
0.5227488875389099
0.5225984454154968
0.5224502682685852
0.5223044753074646
0.5221611261367798
0.5220200419425964
0.5218811631202698
0.5217446088790894
0.5216102600097656
0.521477997303009
0.5213479399681091
0.5212199687957764
0.521094024181366
0.5209701657295227
0.520848274230957
0.520728349685669
0.5206104516983032
0.5204945206642151
0.5203803777694702
0.5202682018280029
0.5201579332351685
0.5200494527816772
0.5199427008628845
0.5198377966880798
0.5197346210479736
0.5196332931518555
0.5195334553718567
0.5194355249404907
0.5193391442298889
0.519244372844696
0.5191512703895569
0.5190597772598267
0.5189699530601501
0.5188815593719482
0.5187947750091553
0.5187094211578369
0.5186257362365723
0.5185434222221375
0.518462598323822
0.518383264541626
0.5183053016662598
0.5182287096977234
0.5181536078453064
0.5180798768997192
0.5180076360702515
0.517936646938324
0.5178669691085815
0.517798662185669
0.5177316069602966
0.5176658630371094
0.5176013112068176
0.5175382494926453
0.5174763202667236
0.5174156427383423
0.5173560976982117
0.5172978639602661
0.5172407031059265
0.5171847343444824
0.5171298980712891
0.5170762538909912
0.5170238018035889
0.5169723629951477
0.5169221758842468
0.5168729424476624
0.5168249607086182
0.5167779326438904
0.5167319774627686
0.5166870951652527
0.516643226146698
0.516600489616394
0.5165587663650513
0.5165179371833801
0.5164781212806702
0.5164393186569214
0.5164015293121338
0.5163646936416626
0.516328752040863
0.5162938237190247
0.5162597894668579
0.5162267088890076
0.5161945223808289
0.5161632895469666
0.5161328911781311
0.5161033272743225
0.5160748362541199
0.5160470008850098
0.5160201191902161
0.5159940123558044
0.5159688591957092
0.5159444212913513
0.5159209966659546
0.5158982276916504
0.5158761739730835
0.515855073928833
0.5158346891403198
0.5158150792121887
0.5157962441444397
0.515778124332428
0.5157608985900879
0.5157443284988403
0.5157284736633301
0.5157134532928467
0.5156990885734558
0.5156855583190918
0.5156726241111755
0.5156604051589966
0.5156488418579102
0.515637993812561
0.5156278014183044
2.45609712600708
3.8399713039398193
4.906930446624756
4.96893310546875
5.092282295227051
7.225203990936279
5.3864827156066895
6.598320007324219
6.567998886108398
5.707274913787842
4.828403949737549
4.196329116821289
4.143426418304443
3.5991718769073486
3.2514901161193848
2.998948812484741
2.801001787185669
2.6146817207336426
2.467193603515625
2.346320629119873
2.2455854415893555
2.1607556343078613
2.0887067317962646
2.026979684829712
1.973608136177063
1.927024245262146
2.986309289932251
4.563865661621094
6.687763690948486
6.630971908569336
6.527682781219482
7.115002155303955
6.608104705810547
5.573965549468994
5.365490913391113
6.12539529800415
5.970993995666504
6.925858020782471
8.178510665893555
7.554695129394531