0.17171896994113922
0.1715376228094101
0.17144133150577545
0.17138196527957916
0.1713406890630722
0.17130853235721588
0.1712811142206192
0.17125651240348816
0.17123451828956604
0.1712135374546051
0.17119339108467102
0.17117387056350708
0.1711551547050476
0.17113696038722992
0.17111900448799133
0.17110170423984528
0.17108431458473206
0.17106714844703674
0.17105010151863098
0.1710338145494461
0.17101673781871796
0.17100074887275696
0.17098459601402283
0.17096862196922302
0.17095248401165009
0.17093704640865326
0.17092140018939972
0.17090527713298798
0.1708904504776001
0.17087507247924805
0.17085999250411987
0.1708448976278305
0.17083030939102173
0.17081566154956818
0.1708006113767624
0.17078614234924316
0.17077219486236572
0.17075756192207336
0.17074327170848846
0.17072966694831848
0.17071533203125
0.1707012951374054
0.1706869751214981
0.17067396640777588
0.17066048085689545
0.1706470400094986
0.17063315212726593
0.1706204116344452
0.1706068366765976
0.1705939769744873
0.17058102786540985
0.17056779563426971
0.1705552190542221
0.1705426722764969
0.17052951455116272
0.17051716148853302
0.17050454020500183
0.17049254477024078
0.17047950625419617
0.17046774923801422
0.17045526206493378
0.17044301331043243
0.17043128609657288
0.17041906714439392
0.17040784657001495
0.170395627617836
0.1703840047121048
0.17037227749824524
0.17036063969135284
0.17034904658794403
0.17033785581588745
0.17032617330551147
0.17031516134738922
0.1703038215637207
0.17029255628585815
0.170281782746315
0.170270636677742
0.17026007175445557
0.1702490895986557
0.17023825645446777
0.17022739350795746
0.17021682858467102
0.17020638287067413
0.17019595205783844
0.17018495500087738
0.17017462849617004
0.1701650172472
0.1701536327600479
0.1701440066099167
0.17013321816921234
0.17012356221675873
0.17011351883411407
0.17010343074798584
0.17009367048740387
0.17008328437805176
0.17007382214069366
0.170063778758049
0.17005454003810883
0.1700454205274582
0.17003454267978668
0.1700252741575241
0.1700155884027481
0.17000627517700195
0.16999709606170654
0.1699872612953186
0.16997775435447693
0.16996905207633972
0.16995972394943237
0.16995035111904144
0.1699419915676117
0.16993224620819092
0.1699228733778
0.169914111495018
0.16990548372268677
0.16989661753177643
0.16988790035247803
0.16987894475460052
0.16986988484859467
0.16986164450645447
0.16985297203063965
0.16984440386295319
0.16983559727668762
0.16982725262641907
0.1698182374238968
0.16981035470962524
0.16980208456516266
0.1697935163974762
0.16978518664836884
0.169777050614357
0.16976876556873322
0.16976052522659302
0.1697530448436737
0.16974413394927979
0.16973663866519928
0.16972845792770386
0.1697203516960144
0.1697126030921936
0.16970467567443848
0.1696971356868744
0.1696891486644745
0.16968128085136414
0.1696736067533493
0.1696661412715912
0.1696578562259674
0.1696503758430481
0.16964314877986908
0.1696351170539856
0.1696275770664215
0.16962002217769623
0.16961267590522766
0.16960538923740387
0.16959784924983978
0.169590562582016
0.1695832908153534
0.16957595944404602
0.16956904530525208
0.16956135630607605
0.16955414414405823
0.1695469170808792
0.1695399284362793
0.1695329248905182
46.834014892578125
1588.6627197265625
4999.49072265625
8179.21044921875
18173.25390625
32667.923828125
46130.703125
77620.453125
130055.265625
160671.453125
175803.59375
219493.65625
237635.78125
241267.203125
241361.390625
240998.734375
240713.265625
240940.71875
241042.875
241075.1875
241065.140625
241028.515625
240975.03125
240910.78125
240840.140625
240766.0625
268869.4375
282978.0
357068.6875
353852.3125
437958.78125
432792.90625
465069.21875
525202.6875
543369.75
688152.25
825042.625
1341534.0
2201294.5
2942184.25