0.18244004249572754
0.18224647641181946
0.18213994801044464
0.18207158148288727
0.1820220947265625
0.18198224902153015
0.1819475293159485
0.18191590905189514
0.18188714981079102
0.1818595826625824
0.18183301389217377
0.1818072497844696
0.18178240954875946
0.18175823986530304
0.18173442780971527
0.18171139061450958
0.1816883683204651
0.18166568875312805
0.18164321780204773
0.18162162601947784
0.18159933388233185
0.18157821893692017
0.18155702948570251
0.18153612315654755
0.18151512742042542
0.18149492144584656
0.18147458136081696
0.1814538538455963
0.1814344823360443
0.1814146637916565
0.18139520287513733
0.18137578666210175
0.18135696649551392
0.1813381463289261
0.181318998336792
0.18130050599575043
0.18128257989883423
0.18126405775547028
0.18124592304229736
0.18122854828834534
0.1812104880809784
0.1811928004026413
0.1811748892068863
0.18115833401679993
0.18114137649536133
0.1811245083808899
0.18110725283622742
0.18109118938446045
0.1810743510723114
0.18105828762054443
0.18104217946529388
0.18102583289146423
0.1810102015733719
0.1809946447610855
0.18097852170467377
0.18096324801445007
0.18094776570796967
0.1809329390525818
0.18091712892055511
0.1809026449918747
0.18088746070861816
0.1808725744485855
0.18085823953151703
0.18084347248077393
0.1808297336101532
0.18081502616405487
0.18080097436904907
0.1807868480682373
0.18077285587787628
0.18075893819332123
0.180745467543602
0.18073153495788574
0.1807183176279068
0.18070481717586517
0.1806914061307907
0.18067853152751923
0.18066532909870148
0.18065273761749268
0.18063975870609283
0.1806269735097885
0.180614173412323
0.18060171604156494
0.18058940768241882
0.1805771440267563
0.18056435883045197
0.18055225908756256
0.18054091930389404
0.18052782118320465
0.18051652610301971
0.18050408363342285
0.1804928183555603
0.1804811805486679
0.1804695427417755
0.18045824766159058
0.18044635653495789
0.1804354190826416
0.18042393028736115
0.18041327595710754
0.1804027557373047
0.18039052188396454
0.18037991225719452
0.18036890029907227
0.18035830557346344
0.18034785985946655
0.18033678829669952
0.18032607436180115
0.18031617999076843
0.18030567467212677
0.1802951693534851
0.18028569221496582
0.1802748441696167
0.1802643984556198
0.18025459349155426
0.18024493753910065
0.18023505806922913
0.18022535741329193
0.18021544814109802
0.18020544946193695
0.18019628524780273
0.18018671870231628
0.18017727136611938
0.18016760051250458
0.18015842139720917
0.18014860153198242
0.1801399141550064
0.18013086915016174
0.1801215410232544
0.18011248111724854
0.1801036298274994
0.1800946444272995
0.18008571863174438
0.18007758259773254
0.1800680309534073
0.18005990982055664
0.18005111813545227
0.18004241585731506
0.1800341010093689
0.1800256222486496
0.18001753091812134
0.18000902235507965
0.1800006628036499
0.17999249696731567
0.17998455464839935
0.17997582256793976
0.17996789515018463
0.1799602508544922
0.17995181679725647
0.17994387447834015
0.17993594706058502
0.1799282431602478
0.17992061376571655
0.179912731051445
0.17990513145923615
0.17989756166934967
0.17988994717597961
0.17988274991512299
0.17987480759620667
0.17986735701560974
0.17985989153385162
0.179852694272995
185.3720703125
680.884765625
1420.5008544921875
925.9498291015625
1483.5533447265625
2259.22900390625
1152.2586669921875
1812.806396484375
2197.32958984375
1681.811767578125
1389.3397216796875
648.7498168945312
263.3567810058594
58.88316345214844
31.910179138183594
22.590839385986328
16.927949905395508
13.007528305053711
9.611861228942871
7.3270463943481445
5.721187591552734
4.562295436859131
3.7101874351501465
3.0737380981445312
2.590996742248535
2.219102621078491
185.1138153076172
1064.1002197265625
2028.0810546875
2165.963623046875
2155.083740234375
1771.450439453125
1553.2547607421875
1062.1273193359375
1097.3658447265625
1640.9847412109375
1257.1500244140625
2173.617431640625
3483.28564453125
2182.289306640625
2401.428955078125