3.8137309551239014
3.813702344894409
3.813678026199341
3.8136579990386963
3.8136398792266846
3.813624620437622
3.813610553741455
3.813599109649658
3.8135879039764404
3.81357741355896
3.8135673999786377
3.813558340072632
3.813549518585205
3.8135411739349365
3.813533067703247
3.8135247230529785
3.8135173320770264
3.8135101795196533
3.8135032653808594
3.8134961128234863
3.8134896755218506
3.8134827613830566
3.8134765625
3.8134701251983643
3.8134636878967285
3.813458204269409
3.8134515285491943
3.813446521759033
3.8134403228759766
3.813434362411499
3.813429355621338
3.813424587249756
3.8134191036224365
3.8134140968322754
3.813408613204956
3.813404083251953
3.81339955329895
3.813394546508789
3.813389778137207
3.8133857250213623
3.8133811950683594
3.8133766651153564
3.8133721351623535
3.813368082046509
3.813364028930664
3.8133602142333984
3.813356399536133
3.813352584838867
3.8133492469787598
3.813344955444336
3.8133413791656494
3.813338041305542
3.8133342266082764
3.813330888748169
3.8133277893066406
3.8133246898651123
3.8133208751678467
3.8133180141448975
3.81331467628479
3.813311815261841
3.8133091926574707
3.8133060932159424
3.8133034706115723
3.813300371170044
3.813297986984253
3.8132951259613037
3.8132920265197754
3.8132894039154053
3.813286304473877
3.813283920288086
3.813281297683716
3.8132786750793457
3.813276767730713
3.813274383544922
3.81327223777771
3.813269853591919
3.813267946243286
3.813265323638916
3.813263416290283
3.813261032104492
3.8132588863372803
3.8132572174072266
3.8132550716400146
3.813253164291382
3.813251256942749
3.813249349594116
3.8132474422454834
3.8132457733154297
3.813243865966797
3.813241720199585
3.8132400512695312
3.8132381439208984
3.813236951828003
3.813234806060791
3.8132331371307373
3.8132317066192627
3.81322979927063
3.813227891921997
3.8132271766662598
3.813225030899048
3.8132240772247314
3.8132221698760986
3.813220262527466
3.8132190704345703
3.8132176399230957
3.8132164478302
3.8132152557373047
3.81321382522583
3.8132126331329346
3.8132107257843018
3.8132095336914062
3.8132083415985107
3.813206911087036
3.8132057189941406
3.813204526901245
3.8132030963897705
3.813201904296875
3.8132011890411377
3.813199758529663
3.8131985664367676
3.813197374343872
3.8131959438323975
3.813194990158081
3.8131935596466064
3.8131930828094482
3.813192129135132
3.8131909370422363
3.813189744949341
3.8131890296936035
3.813187837600708
3.8131868839263916
3.813185930252075
3.813185214996338
3.8131844997406006
3.813183307647705
3.8131825923919678
3.8131814002990723
3.813180685043335
3.8131797313690186
3.8131790161132812
3.813178062438965
3.8131771087646484
3.8131768703460693
3.8131754398345947
3.8131749629974365
3.81317400932312
3.813173770904541
3.8131725788116455
3.813171863555908
3.8131706714630127
3.8131706714630127
3.8131699562072754
3.81316876411438
3.8131682872772217
3.8131673336029053
3.813166856765747
3.8131661415100098
3.8131649494171143
3.813164234161377
3.8131635189056396
3.8131630420684814
4.528768062591553
8.347832679748535
8.494281768798828
9.747612953186035
12.550058364868164
9.314781188964844
8.521903991699219
8.201336860656738
8.620651245117188
8.417397499084473
9.445140838623047
9.25929069519043
9.139106750488281
9.069472312927246
9.06578254699707
9.063395500183105
9.063021659851074
9.050652503967285
9.043375015258789
9.038640022277832
9.035443305969238
9.033329963684082
9.032049179077148
9.0314359664917
9.031349182128906
9.031667709350586
8.925105094909668
10.206074714660645
10.352070808410645
11.64285945892334
11.208294868469238
12.653767585754395
11.546733856201172
11.644644737243652
12.308381080627441
11.488309860229492
12.057428359985352
10.430496215820312
9.744269371032715
9.504483222961426