22.45772361755371
15.191856384277344
11.292644500732422
8.386505126953125
6.830020427703857
5.848847389221191
4.869271278381348
4.2834978103637695
3.9217395782470703
3.7450363636016846
3.144552230834961
2.815183162689209
2.573483467102051
2.3886003494262695
2.2841639518737793
2.0720040798187256
1.95993971824646
1.8336795568466187
1.7492808103561401
1.648929238319397
1.578648328781128
1.5020654201507568
1.4454402923583984
1.3848485946655273
1.3379536867141724
1.2881836891174316
1.248896598815918
1.207971215248108
1.1748619079589844
1.140499234199524
1.1121985912322998
1.0829945802688599
1.058653712272644
1.03365957736969
1.012573480606079
0.990932285785675
0.9725090265274048
0.9536458849906921
0.937476634979248
0.9209352731704712
0.9066569805145264
0.892042338848114
0.8793643712997437
0.8663950562477112
0.8550974130630493
0.8435304164886475
0.8334135413169861
0.8230440616607666
0.8139514327049255
0.8046262264251709
0.7964268326759338
0.7880076169967651
0.7805867195129395
0.7729554176330566
0.7662216424942017
0.7592893242835999
0.7531614899635315
0.7468409538269043
0.7412494421005249
0.7354730367660522
0.7303593754768372
0.7250679731369019
0.7203812599182129
0.715521514415741
0.7112150192260742
0.7067422866821289
0.7027795314788818
0.6986554265022278
0.695000946521759
0.6911895871162415
0.6878136396408081
0.6842851042747498
0.681162416934967
0.6778907179832458
0.6749973297119141
0.6719573736190796
0.6692705750465393
0.6664435863494873
0.663947343826294
0.6613137125968933
0.6589897871017456
0.6565311551094055
0.6543658971786499
0.6520692110061646
0.6500490307807922
0.6479006409645081
0.6460133194923401
0.643999457359314
0.6422348618507385
0.6403473019599915
0.6386945247650146
0.6369225978851318
0.6353729367256165
0.6337069272994995
0.632253110408783
0.6306852698326111
0.6293210387229919
0.6278438568115234
0.6265610456466675
0.6251684427261353
0.6239616870880127