4.080408573150635
4.1849188804626465
4.158141613006592
4.15393590927124
4.15175724029541
4.15106201171875
4.13792085647583
4.131871223449707
4.122627258300781
4.11371374130249
4.089239120483398
4.07485294342041
4.062343597412109
4.051331520080566
4.043093204498291
4.029485702514648
4.021620750427246
4.012768268585205
4.006126880645752
3.9985756874084473
3.9927780628204346
3.9866514205932617
3.9816701412200928
3.9765167236328125
3.9721648693084717
3.967745304107666
3.963947296142578
3.9601597785949707
3.9568278789520264
3.953535556793213
3.9505937099456787
3.9477179050445557
3.9451165199279785
3.942591905593872
3.940282106399536
3.9380524158477783
3.935992956161499
3.934016466140747
3.932175874710083
3.9304182529449463
3.9287681579589844
3.9271981716156006
3.925715208053589
3.9243104457855225
3.922974109649658
3.921713352203369
3.920506238937378
3.9193711280822754
3.918278932571411
3.9172561168670654
3.9162659645080566
3.9153409004211426
3.914440631866455
3.9136033058166504
3.9127845764160156
3.912025213241577
3.9112789630889893
3.910588026046753
3.9099068641662598
3.909278631210327
3.9086551666259766
3.9080822467803955
3.9075119495391846
3.906989097595215
3.906465530395508
3.905987501144409
3.9055066108703613
3.905069351196289
3.9046268463134766
3.904226064682007
3.903818130493164
3.9034500122070312
3.9030745029449463
3.902735948562622
3.9023895263671875
3.9020779132843018
3.9017574787139893
3.901470184326172
3.9011738300323486
3.900909185409546
3.9006338119506836
3.9003894329071045
3.900134325027466
3.8999080657958984
3.8996715545654297
3.8994617462158203
3.8992421627044678
3.8990468978881836
3.8988430500030518
3.898662567138672
3.898472309112549
3.8983047008514404
3.8981266021728516
3.8979709148406982
3.8978049755096436
3.8976597785949707
3.8975045680999756
3.8973701000213623
3.8972244262695312
3.8970985412597656
3.896962881088257