12	15	30	45
0	15	24
0	6	36	48	51
3	21	37	42
16	21	33
9	16	27
10	17	28
17	22	34
4	22	38	43
1	7	39	49	52
1	18	25
13	18	31	46
14	19	32	47
2	19	26
2	8	40	50	53
5	23	41	44
20	23	35
11	20	29
0	24	36	54	57
1	25	39	55	58
2	26	40	56	59
3	6	37	48
4	7	38	49
5	8	41	50
9	10	27	28	60	61
11	29	62
12	30	63
13	14	31	32	64	65
15	24	45	54	66	69
16	27	33	60	72	90	102
17	28	34	61	73	91	103
18	25	46	55	67	70
19	26	47	56	68	71
20	29	35	62	74	92	104
21	33	42	72	78	84
22	34	43	73	79	85
23	35	44	74	80	86
30	45	63	66	75	93	99
31	46	64	67	76	96	100
32	47	65	68	77	97	101
36	51	57	81	87	94
37	42	48	51	78	87	105
38	43	49	52	79	88	106
39	52	58	82	88	95
40	53	59	83	89	98
41	44	50	53	80	89	107
54	57	69	81	108	111
55	58	70	82	109	112
56	59	71	83	110	113
60	61	90	91	114	115	120	121
62	92	116	122
64	65	76	77
66	69	93	111	129	132	147
67	70	96	112	130	135	148
68	71	97	113	131	136	149
72	84	102	123	144	153
73	85	103	124	145	154
74	86	104	125	146	155
75	99	126
76	77	100	101	127	128
78	84	105	123	133	141
79	85	106	124	134	142
80	86	107	125	137	143
81	94	108	117
82	95	109	118
83	98	110	119
87	94	105	117	133	138	156
88	95	106	118	134	139	157
89	98	107	119	137	140	158
90	102	114	144	159
91	103	115	145	160
92	104	116	146	161
93	99	126	132	150
96	100	127	135	151
97	101	128	136	152
120	121	165	166
108	111	117	129	138	162
109	112	118	130	139	163
110	113	119	131	140	164
114	120	159	165	168	180
115	121	160	166	169	181
116	122	161	167	170	182
123	141	153	177	195	201
124	142	154	178	196	202
125	143	155	179	197	203
126	150	171	183
127	128	151	152	172	173	184	185
129	147	162	174	189	210
130	148	163	175	190	211
131	149	164	176	191	212
132	147	150	171	189	198
133	141	156	186	195	204	207
134	142	157	187	196	205	208
135	148	151	172	190	199
136	149	152	173	191	200
137	143	158	188	197	206	209
138	156	162	174	186
139	157	163	175	187
140	158	164	176	188
144	153	159	168	177	192
145	154	160	169	178	193
146	155	161	170	179	194
165	166	180	181	222	223
167	182	224
168	180	192	219	222	225
169	181	193	220	223	226
184	185	217	218
170	182	194	221	224	227
171	183	198	216	231	234
172	184	199	217	232	235
173	185	200	218	233	236
174	186	204	210	213	246	247
175	187	205	211	214	248	249
176	188	206	212	215	250	251
177	192	201	219	228	237
178	193	202	220	229	238
179	194	203	221	230	239
189	198	210	213	231	240
190	199	211	214	232	241
191	200	212	215	233	242
195	201	207	228	243	252
196	202	208	229	244	253
197	203	209	230	245	254
204	207	243	247	255
205	208	244	248	256
206	209	245	251	257
213	240	246	264	265
214	241	249	266	267
215	242	250	268	269
216	234	258	261
217	218	235	236	259	260	262	263
219	225	237	270	273
220	226	238	271	274
221	227	239	272	275
222	223	225	226	273	274	309	310
224	227	275	311
228	237	252	270	276	289	295
229	238	253	271	277	290	296
230	239	254	272	278	293	299
231	234	240	258	264	279	285
232	235	241	259	267	280	286
233	236	242	260	268	281	287
243	252	255	276	282
244	253	256	277	283
245	254	257	278	284
246	247	255	265	282	288	294
248	249	256	266	283	291	297
250	251	257	269	284	292	298
258	261	279	300	306
259	262	280	301	307
260	263	281	302	308
262	263	301	302
309	310	312	313
264	265	285	294	303	321	333	351	352
266	267	286	297	304	324	334	353	354
268	269	287	298	305	325	335	355	356
270	273	289	309	312	328	345	348
271	274	290	310	313	329	346	349
272	275	293	311	314	332	347	350
276	282	288	295	322	327	336	342
277	283	291	296	323	330	337	343
278	284	292	299	326	331	338	344
279	285	303	306	315	333	339
280	286	304	307	316	334	340
281	287	305	308	317	335	341
289	295	322	328
290	296	323	329
293	299	326	332
288	294	321	327
291	297	324	330
292	298	325	331
300	306	315	318
301	302	307	308	316	317	319	320
312	313	345	346	393	394	396	397
314	347	395	398
315	318	339	357	360
316	319	340	358	361
317	320	341	359	362
319	320	358	359
322	328	342	348	366	381	390
323	329	343	349	367	382	391
326	332	344	350	368	383	392
321	327	336	352	363	369	370
324	330	337	353	364	371	372
325	331	338	356	365	373	374
333	339	351	360	378	384	387
334	340	354	361	379	385	388
335	341	355	362	380	386	389
336	342	363	366	375
337	343	364	367	376
338	344	365	368	377
345	348	381	393	399
346	349	382	394	400
347	350	383	395	401
351	352	369	378	405
353	354	372	379	406
355	356	373	380	407
357	360	384	402
358	359	361	362	385	386	403	404
363	370	375	411	414
364	371	376	412	415
365	374	377	413	416
366	375	390	411	417	423
367	376	391	412	418	424
368	377	392	413	419	425
396	397	439	440	453	454
398	443	455
369	370	405	408	414	432	444
371	372	406	409	415	433	445
373	374	407	410	416	434	446
378	387	405	408	420	429
379	388	406	409	421	430
380	389	407	410	422	431
381	390	399	417	426	438
382	391	400	418	427	441
383	392	401	419	428	442
384	387	402	420	435	447
385	388	403	421	436	448
386	389	404	422	437	449
393	396	399	426	439	450
394	397	400	427	440	451
395	398	401	428	443	452
403	404	436	437
408	429	444	456	471	489
409	430	445	457	472	490
410	431	446	458	473	491
411	414	423	432	462	477	483
412	415	424	433	463	478	484
413	416	425	434	464	479	485
417	423	438	465	477	495
418	424	441	466	478	496
419	425	442	467	479	497
420	429	447	468	471	486
421	430	448	469	472	487
422	431	449	470	473	488
426	438	450	459	465	474
427	441	451	460	466	475
428	442	452	461	467	476
432	444	456	462	480
433	445	457	463	481
434	446	458	464	482
435	447	468	492
436	437	448	449	469	470	493	494
439	450	453	459	498	504
440	451	454	460	499	505
443	452	455	461	500	506
453	454	498	499
456	480	489	501	507	510
457	481	490	502	508	511
458	482	491	503	509	512
459	474	504	516	528
460	475	505	517	529
461	476	506	518	530
462	480	483	501	513	523	531
463	481	484	502	514	524	532
464	482	485	503	515	527	533
465	474	495	516	534	546
466	475	496	517	535	547
467	476	497	518	536	548
468	486	492	519	522
469	487	493	520	525
470	488	494	521	526
471	486	489	507	522	549	552
472	487	490	508	525	550	553
473	488	491	509	526	551	554
477	483	495	513	534	541
478	484	496	514	535	542
479	485	497	515	536	545
492	519	540
493	494	520	521	543	544
498	499	504	505	528	529	558	559
500	506	530	560
501	510	523	537
502	511	524	538
503	512	527	539
507	510	537	549	561	564
508	511	538	550	562	565
509	512	539	551	563	566
513	531	541	567	570	576	580
514	532	542	568	571	577	581
515	533	545	569	572	578	584
516	528	546	558	585	591	600
517	529	547	559	586	592	601
518	530	548	560	587	593	602
519	522	540	552	555	573	588
520	525	543	553	556	574	589
521	526	544	554	557	575	590
523	531	537	561	567	579
524	532	538	562	568	582
527	533	539	563	569	583
543	544	556	557
534	541	546	576	585	597
535	542	547	577	586	598
536	545	548	578	587	599
549	552	564	573	594	603
550	553	565	574	595	604
551	554	566	575	596	605
555	588	606
556	557	589	590	607	608
558	559	591	592	609	610
560	593	611
561	564	579	594	618
562	565	582	595	619
563	566	583	596	620
567	570	579	612	618	621	627	657	669	672
568	571	582	613	619	622	628	660	670	673
569	572	583	614	620	623	629	661	671	674
570	580	612	615
571	581	613	616
572	584	614	617
573	588	603	606	633	636	651	666
574	589	604	607	634	639	652	667
575	590	605	608	635	640	653	668
576	580	597	615	624	642	658	663
577	581	598	616	625	643	659	664
578	584	599	617	626	644	662	665
585	597	600	637	642	654
586	598	601	638	643	655
587	599	602	641	644	656
591	600	609	630	637	648
592	601	610	631	638	649
593	602	611	632	641	650
594	603	618	621	636	645
595	604	619	622	639	646
596	605	620	623	640	647
609	610	630	631
607	608	634	635
612	615	624	627
613	616	625	628
614	617	626	629
621	645	657	675	678
622	646	660	676	679
623	647	661	677	680
624	627	658	669
625	628	659	670
626	629	662	671
630	631	648	649	681	682
632	650	683
633	651	684
634	635	652	653	685	686
636	645	666	675	687	690
637	648	654	681	693	711	723
638	649	655	682	694	712	724
639	646	667	676	688	691
640	647	668	677	689	692
641	650	656	683	695	713	725
642	654	663	693	699	705
643	655	664	694	700	706
644	656	665	695	701	707
651	666	684	687	696	714	720
652	667	685	688	697	717	721
653	668	686	689	698	718	722
657	672	678	702	708	715
658	663	669	672	699	708	726
659	664	670	673	700	709	727
660	673	679	703	709	716
661	674	680	704	710	719
662	665	671	674	701	710	728
675	678	690	702	729	732
676	679	691	703	730	733
677	680	692	704	731	734
681	682	711	712	735	736	741	742
683	713	737	743
685	686	697	698
687	690	714	732	750	753	768
688	691	717	733	751	756	769
689	692	718	734	752	757	770
693	705	723	744	765	774
694	706	724	745	766	775
695	707	725	746	767	776
696	720	747
697	698	721	722	748	749
699	705	726	744	754	762
700	706	727	745	755	763
701	707	728	746	758	764
702	715	729	738
703	716	730	739
704	719	731	740
708	715	726	738	754	759	777
709	716	727	739	755	760	778
710	719	728	740	758	761	779
711	723	735	765	780
712	724	736	766	781
713	725	737	767	782
714	720	747	753	771
717	721	748	756	772
718	722	749	757	773
741	742	786	787
729	732	738	750	759	783
730	733	739	751	760	784
731	734	740	752	761	785
735	741	780	786	789	801
736	742	781	787	790	802
737	743	782	788	791	803
744	762	774	798	816	822
745	763	775	799	817	823
746	764	776	800	818	824
747	771	792	804
748	749	772	773	793	794	805	806
750	768	783	795	810	831
751	769	784	796	811	832
752	770	785	797	812	833
753	768	771	792	810	819
754	762	777	807	816	825	828
755	763	778	808	817	826	829
756	769	772	793	811	820
757	770	773	794	812	821
758	764	779	809	818	827	830
759	777	783	795	807
760	778	784	796	808
761	779	785	797	809
765	774	780	789	798	813
766	775	781	790	799	814
767	776	782	791	800	815
786	787	801	802	843	844
788	803	845
789	801	813	840	843	846
790	802	814	841	844	847
805	806	838	839
791	803	815	842	845	848
792	804	819	837	852	855
793	805	820	838	853	856
794	806	821	839	854	857
795	807	825	831	834	867	868
796	808	826	832	835	869	870
797	809	827	833	836	871	872
798	813	822	840	849	858
799	814	823	841	850	859
800	815	824	842	851	860
810	819	831	834	852	861
811	820	832	835	853	862
812	821	833	836	854	863
816	822	828	849	864	873
817	823	829	850	865	874
818	824	830	851	866	875
825	828	864	868	876
826	829	865	869	877
827	830	866	872	878
834	861	867	885	886
835	862	870	887	888
836	863	871	889	890
837	855	879	882
838	839	856	857	880	881	883	884
840	846	858	891	894
841	847	859	892	895
842	848	860	893	896
843	844	846	847	894	895	930	931
845	848	896	932
849	858	873	891	897	910	916
850	859	874	892	898	911	917
851	860	875	893	899	914	920
852	855	861	879	885	900	906
853	856	862	880	888	901	907
854	857	863	881	889	902	908
864	873	876	897	903
865	874	877	898	904
866	875	878	899	905
867	868	876	886	903	909	915
869	870	877	887	904	912	918
871	872	878	890	905	913	919
879	882	900	921	927
880	883	901	922	928
881	884	902	923	929
883	884	922	923
885	886	906	915	924
887	888	907	918	925
889	890	908	919	926
891	894	910	930
892	895	911	931
893	896	914	932
897	903	909	916
898	904	912	917
899	905	913	920
900	906	924	927
901	907	925	928
902	908	926	929
922	923	928	929
